0.9032934131736527
0.8869261477045908
0.8894211576846307
0.9076846307385229
0.9026946107784432
0.9173652694610779
0.8870259481037924
0.911377245508982
0.9027944111776447
0.8993013972055888
0.8991383679675621
0.8819057273188039
0.8855549923973645
0.9012671059300558
0.8935631018753167
0.9076533198175367
0.8832235174860619
0.8994424733907754
0.887683730359858
0.8966041561074506
0.9295746388443018
0.8904494382022472
0.8926565008025682
0.9129213483146067
0.9138242375601926
0.9190409309791332
0.8959670947030498
0.9160313001605136
0.8955658105939005
0.9066011235955056
0.9107107107107107
0.9198198198198199
0.9006006006006007
0.9205205205205205
0.9042042042042042
0.9188188188188188
0.9079079079079079
0.9063063063063063
0.9134134134134134
0.911011011011011
0.9040726691954482
0.8864044719504891
0.8897983629466959
0.9050708724296267
0.8980834497903774
0.9117588340986225
0.8868037532441605
0.9038730285486125
0.8908963865042923
0.9007785985226592
0.9108626830233478
0.8921646220815196
0.8953304313415117
0.9163039176889592
0.9069054214483577
0.9222398100514444
0.8925603482390186
0.9118519984170954
0.8953304313415117
0.9086861891571033
0.9031069508066122
0.8851822346146186
0.889663413662617
0.9038040231029676
0.9012148974307906
0.9110734913363872
0.887572196773551
0.9038040231029676
0.889663413662617
0.9007169886476798
0.9044324107501003
0.8886883273164862
0.8918973124749298
0.9059366225431207
0.8987164059366225
0.9125551544324108
0.8879863618130767
0.9080425190533494
0.8916967509025271
0.9025270758122743
0.9073409136245761
0.8947735886694594
0.9078396169958108
0.9079393576700578
0.9024536205864752
0.9154199082385797
0.8943746259724715
0.9091362457610214
0.8959704767604229
0.9144225014961102
0.9060154138724852
0.8901010909818837
0.8936042438194375
0.9083174857371634
0.9006105494945451
0.9151236112501251
0.8911019917926134
0.9073165849264337
0.8958062256030428
0.9059153237914123
