0.9588822355289421
0.9619760479041917
0.9469061876247505
0.9480039920159681
0.9545908183632734
0.9564870259481038
0.9518962075848303
0.9468063872255489
0.9559880239520958
0.9535928143712575
0.9421186011150532
0.9537759756715661
0.9485048150025343
0.9550937658388241
0.9609731373542828
0.9529650278763304
0.9490116573745565
0.9495184997465788
0.9469842878864673
0.9516472377090724
0.9462279293739968
0.9571629213483146
0.958868378812199
0.9513443017656501
0.954454253611557
0.9458266452648475
0.9565609951845907
0.9561597110754414
0.9597712680577849
0.95696227929374
0.9538538538538539
0.9587587587587587
0.9565565565565566
0.9574574574574575
0.9487487487487487
0.9493493493493493
0.9547547547547548
0.956056056056056
0.9521521521521521
0.957057057057057
0.9601716909562787
0.9477939708524655
0.960670792573368
0.9589738470752646
0.9524855260531044
0.9582751048113396
0.9605709722499501
0.9517867837891795
0.9591734877221002
0.9509882212018367
0.9629996042738425
0.963593193510091
0.9611199050257222
0.9642857142857143
0.9583498219232292
0.9566679857538584
0.9599327265532251
0.9466759002770083
0.9598337950138505
0.9624060150375939
0.9486158135829516
0.9490141406094403
0.9611631149173472
0.9549890460067716
0.954690300736905
0.9584744074885481
0.9561840270862378
0.9550886277633938
0.952001593308106
0.9563831905994822
0.9546730846369835
0.959185720016045
0.9532691536301645
0.9658042519053349
0.9596871239470517
0.9568792619334135
0.9617930204572804
0.9530685920577617
0.9540713999197754
0.9602888086642599
0.9508278475962497
0.9638938759226012
0.9608019150209456
0.9589068422102534
0.9616995810891682
0.9588071015360063
0.9595052862557351
0.9577099541192898
0.9602034709754638
0.9649910233393177
0.964868381543389
0.962065859273346
0.9575618056250625
0.9624662195976379
0.9647682914623161
0.9660694625162647
0.9615654088679811
0.9635672104894405
0.9655690121108998
0.9586627965168651
