0.8595959595959596
0.9175644028103045
0.734251968503937
0.8029850746268656
0.9561049445005045
0.8266384778012685
0.9550561797752809
0.8777120315581854
0.922998986828774
0.9576903932304629
0.9358585858585858
0.6599531615925058
0.9389763779527559
0.7174129353233831
0.9959636730575177
0.9101479915433404
0.9805924412665986
0.9664694280078896
0.9012158054711246
0.9477351916376306
0.9843434343434343
0.9845433255269321
0.7775590551181102
0.7810945273631841
0.9934409687184662
0.8578224101479915
0.9703779366700716
0.9763313609467456
0.8095238095238095
0.9462419113987058
0.9777777777777777
0.9714285714285714
0.9296259842519685
0.8213930348258707
0.9974772956609486
0.8583509513742071
0.9882533197139939
0.9738658777120316
0.9807497467071935
0.9661523145843703
0.956060606060606
0.9882903981264637
0.860236220472441
0.8796019900497513
0.731079717457114
0.9006342494714588
0.9412665985699693
0.9669625246548323
0.9381965552178319
0.9800895968143355
0.9686868686868687
0.9836065573770492
0.937992125984252
0.8746268656716418
0.9934409687184662
0.7854122621564482
0.9780388151174668
0.9827416173570019
0.9432624113475178
0.9581881533101045
0.9762626262626263
0.9733021077283373
0.8705708661417323
0.7402985074626866
0.9964682139253279
0.9085623678646935
0.7967313585291114
0.9723865877712031
0.903242147922999
0.9547038327526133
0.9146464646464646
0.9957845433255269
0.8887795275590551
0.9293532338308458
0.9909182643794148
0.903276955602537
0.958120531154239
0.8412228796844181
0.9148936170212766
0.9636635141861623
0.9297979797979798
0.9850117096018736
0.9502952755905512
0.7711442786069652
0.9964682139253279
0.9392177589852009
0.9887640449438202
0.9714003944773175
0.7137791286727457
0.9158785465405674
0.9873737373737373
0.9868852459016394
0.9330708661417323
0.8437810945273632
0.992936427850656
0.8816067653276956
0.9765066394279878
0.9511834319526628
0.8733535967578521
0.7366849178695869
