0.9994949494949495
0.9995316159250586
0.9970472440944882
0.9990049751243781
0.9989909182643795
0.9989429175475687
1.0
0.9990138067061144
0.9989868287740629
0.9995022399203584
0.997979797979798
0.9995316159250586
0.999507874015748
0.9990049751243781
0.9984863773965691
0.9984143763213531
0.9989785495403473
0.9990138067061144
0.9989868287740629
0.9985067197610752
0.9994949494949495
1.0
0.9970472440944882
0.9995024875621891
0.9989909182643795
0.9957716701902748
0.9994892747701737
0.9995069033530573
1.0
1.0
0.9994949494949495
0.9981264637002342
0.9980314960629921
0.9990049751243781
0.9989909182643795
0.9978858350951374
0.998467824310521
0.9990138067061144
0.9994934143870314
0.9995022399203584
0.9974747474747475
0.9995316159250586
0.9980314960629921
0.9975124378109452
0.9974772956609486
0.9978858350951374
0.9994892747701737
0.9980276134122288
0.9984802431610942
0.9970134395221503
0.998989898989899
0.9995316159250586
0.9985236220472441
0.9985074626865672
0.9984863773965691
0.9989429175475687
0.998467824310521
0.9985207100591716
0.9984802431610942
0.9995022399203584
0.9994949494949495
0.9990632318501171
1.0
0.9990049751243781
1.0
0.9968287526427061
0.9989785495403473
0.9990138067061144
0.9994934143870314
1.0
0.9954545454545455
0.9995316159250586
0.9975393700787402
0.9995024875621891
0.9994954591321897
0.9952431289640592
0.998467824310521
0.9837278106508875
0.9964539007092199
0.9980089596814335
0.9994949494949495
1.0
1.0
1.0
0.9994954591321897
0.9984143763213531
0.9994892747701737
0.9995069033530573
1.0
1.0
0.998989898989899
1.0
0.999507874015748
0.991044776119403
1.0
0.9989429175475687
0.9989785495403473
0.9995069033530573
0.9989868287740629
1.0
