0.939816700610998
0.9431771894093687
0.9554989816700611
0.9484725050916497
0.9511201629327902
0.9263747454175153
0.9180244399185336
0.9456211812627291
0.8679226069246436
0.9319755600814664
0.9367822038282463
0.9398861872736679
0.9400931195033626
0.9344024831867563
0.9487842731505431
0.924676668391102
0.9143300569063632
0.9444386963269529
0.9488877392653906
0.9317123642007242
0.9474815724815725
0.9453316953316954
0.9452293202293203
0.9448198198198198
0.9537264537264537
0.9303849303849304
0.9212735462735463
0.9502457002457002
0.8746928746928747
0.9368345618345618
0.9440245148110317
0.9465781409601635
0.9482124616956078
0.9436159346271705
0.9550561797752809
0.9303370786516854
0.9277834525025537
0.9493360572012257
0.8745658835546476
0.9508682328907048
0.9444897127724587
0.943573029130169
0.9443878590344266
0.9384803422285598
0.9531472805051946
0.9291097983295987
0.9187207170503158
0.9526380118150336
0.8709513139132207
0.9317579955184355
0.9431772305207913
0.9487283003633428
0.948526443278159
0.9396447315300767
0.9573072264836496
0.9399475171578522
0.9291481631005248
0.9491320145337101
0.8736374646750101
0.9400484457004441
0.9394432026010974
0.9473684210526315
0.9435074171916277
0.9371062792115423
0.9510262141841089
0.943609022556391
0.9179028652712863
0.95417598049177
0.8700467384677911
0.9306035358666938
0.9409537453950061
0.9440237413016782
0.9444330740892345
0.9384977486696684
0.9530290626279165
0.929287760949652
0.918952108063856
0.9488334015554646
0.8717765042979942
0.9359394187474417
0.9441278241400366
0.952167718298392
0.9465703236311825
0.9431101160187259
0.960920008141665
0.9370038672908609
0.9280480358233258
0.9532871972318339
0.8751272135151639
0.9351719926725015
0.9459707895005618
0.9461750587274027
0.9465835971810846
0.9407619242161168
0.9551629047084057
0.9316719436216934
0.9239097130017363
0.9508732509447452
0.8729445409049127
0.9343274435706261
