0.9477596741344195
0.9439918533604889
0.9522403258655805
0.945213849287169
0.9473523421588594
0.9492871690427699
0.9573319755600814
0.9489816700610998
0.9379837067209776
0.9475560081466395
0.9418520434557682
0.9417485773409209
0.9608898085876876
0.9465080186239007
0.9425763062596999
0.9530263838592861
0.9473357475426798
0.9379203310915675
0.943404035178479
0.9461976202793585
0.9545454545454546
0.9452293202293203
0.9453316953316954
0.9581285831285832
0.9486076986076986
0.9515765765765766
0.957002457002457
0.9488124488124489
0.9455364455364456
0.9503480753480753
0.9498467824310521
0.9568947906026558
0.9552604698672115
0.9534218590398366
0.9527068437180797
0.9508682328907048
0.9508682328907048
0.9531154239019407
0.9386108273748723
0.9537282941777324
0.9525361580770014
0.9575269912405785
0.9532491342432268
0.9551843552658382
0.9567121613363211
0.9575269912405785
0.9542676716235485
0.9546750865756773
0.9388877571806885
0.9571195762884498
0.9491320145337101
0.9474162293096487
0.9512515139281389
0.9536737989503432
0.9522607993540573
0.9552886556318126
0.9557932983447719
0.9597295115058538
0.947214372224465
0.9557932983447719
0.9479780532412111
0.9520422678317415
0.9515342410079252
0.9471652103231051
0.9392399918715708
0.9145498882340988
0.9542775858565332
0.9519406624669783
0.9470636049583419
0.9488925015240804
0.9538477282030291
0.9562013917314777
0.9558943921408105
0.9513917314776914
0.9602947196070405
0.9598853868194842
0.9406467458043389
0.9547687269750307
0.9424887433483422
0.9516987310683586
0.9507429269285569
0.9579686545898636
0.9584775086505191
0.9485039690616731
0.9630571951964176
0.961021778953796
0.9602076124567474
0.9528801139833096
0.9421941787095461
0.9555261550987176
0.956694923909713
0.9595546930854867
0.9598610969257482
0.9594525584720662
0.9542436931876213
0.9664998467980799
0.960473904606271
0.9539372893473598
0.9446430395260954
0.9496476355836994
