0.7477528089887641
0.9891472868217054
0.8204148471615721
0.907182320441989
0.8877665544332211
0.9367612293144209
0.9698521046643913
0.9693654266958425
0.8895152198421646
0.8540630182421227
0.9573033707865168
0.9762273901808786
0.9852620087336245
0.9707182320441989
0.9971941638608305
0.9562647754137116
0.9544937428896473
0.9917943107221007
0.9385569334836528
0.9950248756218906
0.9719101123595506
0.9968992248062015
0.8520742358078602
0.9712707182320443
0.9938271604938271
0.9651300236406619
0.9795221843003413
0.9928884026258206
0.9892897406989853
0.9944720840243229
0.8966292134831461
0.9943152454780362
0.9470524017467249
0.5475138121546961
0.9932659932659933
0.9864066193853428
0.9840728100113766
0.9885120350109409
0.9746335963923337
0.9939192924267551
0.9882022471910112
0.9968992248062015
0.986353711790393
0.9850828729281768
0.8625140291806959
0.9645390070921985
0.9869169510807736
0.9928884026258206
0.95152198421646
0.9917081260364843
0.9915730337078652
0.9948320413436692
0.9852620087336245
0.9856353591160221
0.9904601571268238
0.6684397163120568
0.878839590443686
0.9928884026258206
0.9368658399098083
0.9917081260364843
0.9758426966292135
0.9943152454780362
0.9694323144104804
0.8867403314917127
0.9921436588103255
0.8865248226950354
0.8179749715585893
0.9857768052516411
0.9092446448703495
0.953012714206744
0.9904494382022472
0.99328165374677
0.982532751091703
0.992817679558011
0.9646464646464646
0.9810874704491725
0.9357224118316269
0.7800875273522976
0.967869222096956
0.9872857932559425
0.9938202247191011
0.5695090439276486
0.962882096069869
0.9729281767955801
0.989337822671156
0.9799054373522459
0.9835039817974972
0.9808533916849015
0.5687711386696731
0.9878385848535103
0.9365168539325842
0.9855297157622739
0.9776200873362445
0.8751381215469614
0.9977553310886644
0.9278959810874704
0.9891922639362912
0.962800875273523
0.979706877113867
0.6180210060807075
