0.9932584269662922
0.9968992248062015
0.9852620087336245
0.987292817679558
0.989337822671156
0.9923167848699763
0.9965870307167235
0.9967177242888403
0.9943630214205186
0.992260917634052
0.9955056179775281
0.9989664082687338
0.993995633187773
0.9950276243093923
0.9988776655443322
0.9911347517730497
0.9982935153583617
0.9972647702407003
0.9932356257046223
0.9988944168048646
0.9971910112359551
1.0
0.9934497816593887
0.9977900552486187
0.9983164983164983
0.991725768321513
0.9960182025028441
0.9967177242888403
0.9966178128523112
0.9950248756218906
0.9893258426966293
0.9984496124031008
0.9858078602620087
0.9950276243093923
0.9927048260381593
0.9952718676122931
0.9977246871444824
0.9961706783369803
0.9988726042841037
0.9994472084024323
0.9910112359550561
0.9968992248062015
0.9912663755458515
0.9939226519337017
0.98989898989899
0.9899527186761229
0.997155858930603
0.9961706783369803
0.9915445321307779
0.9972360420121614
0.998876404494382
0.9979328165374677
0.9912663755458515
0.9939226519337017
0.9977553310886644
0.9976359338061466
0.9977246871444824
0.9928884026258206
0.9977452085682075
0.9988944168048646
0.9848314606741573
0.9984496124031008
0.9874454148471615
0.9977900552486187
0.9966329966329966
0.9899527186761229
0.9948805460750854
0.9972647702407003
0.9943630214205186
0.9900497512437811
0.9971910112359551
0.9979328165374677
0.99235807860262
0.9906077348066298
0.9915824915824916
0.9929078014184397
0.9960182025028441
0.9961706783369803
0.996054114994363
0.9983416252072969
0.9960674157303371
0.9633074935400516
0.9814410480349345
0.9955801104972376
0.9955106621773289
0.991725768321513
0.9914675767918089
0.9928884026258206
0.9870349492671928
0.9955776672194583
0.9943820224719101
0.9963824289405685
0.9721615720524017
0.9845303867403314
0.9971941638608305
0.985224586288416
0.9954493742889647
0.9961706783369803
0.9943630214205186
0.9988944168048646
