0.998989898989899
1.0
0.9990157480314961
0.9995024875621891
1.0
0.9984143763213531
1.0
0.9990138067061144
0.9979736575481256
1.0
1.0
0.9995316159250586
0.999507874015748
0.9990049751243781
1.0
0.9994714587737844
1.0
0.9995069033530573
1.0
1.0
1.0
1.0
0.999507874015748
1.0
1.0
1.0
1.0
1.0
1.0
1.0
1.0
1.0
0.999507874015748
0.9995024875621891
0.9994954591321897
0.9989429175475687
0.9994892747701737
0.9995069033530573
0.9994934143870314
0.9995022399203584
0.9994949494949495
1.0
0.999507874015748
0.9995024875621891
1.0
0.9984143763213531
0.9994892747701737
0.9995069033530573
0.9994934143870314
0.9995022399203584
0.9994949494949495
1.0
1.0
1.0
1.0
0.9994714587737844
1.0
1.0
1.0
1.0
0.9994949494949495
1.0
0.999507874015748
0.9990049751243781
0.9994954591321897
1.0
0.9994892747701737
0.9995069033530573
1.0
0.9980089596814335
1.0
1.0
1.0
1.0
1.0
1.0
1.0
1.0
1.0
1.0
0.997979797979798
1.0
0.9965551181102362
0.9995024875621891
0.9984863773965691
0.9994714587737844
0.9994892747701737
0.9990138067061144
1.0
0.9995022399203584
1.0
1.0
1.0
1.0
1.0
1.0
1.0
1.0
1.0
1.0
