0.8944444444444445
0.9892271662763467
0.905511811023622
0.5955223880597015
0.9712411705348133
0.516384778012685
0.9550561797752809
0.9694280078895463
0.5334346504559271
0.839223494275759
0.947979797979798
0.9873536299765808
0.9881889763779528
0.9850746268656716
0.9974772956609486
0.9878435517970402
0.9923391215526047
0.9940828402366864
0.9736575481256332
0.9925335988053758
0.9232323232323232
0.9976580796252927
0.9434055118110236
0.972636815920398
0.9974772956609486
0.9001057082452432
0.9055158324821246
0.9965483234714004
0.9564336372847011
0.9571926331508213
0.952020202020202
0.9967213114754099
0.8676181102362205
0.673134328358209
0.9979818365287588
0.7859408033826638
0.9867211440245148
0.9930966469428008
0.6413373860182371
0.9542060726729716
0.8888888888888888
1.0
0.9911417322834646
0.9666666666666667
0.9591321897073662
0.9022198731501057
0.9591419816138917
0.9980276134122288
0.9245187436676798
0.9362867098058736
0.8131313131313131
0.9489461358313818
0.7278543307086615
0.9238805970149254
0.9823410696266398
0.7790697674418605
0.9902962206332993
0.985207100591716
0.9893617021276596
0.9930313588850174
0.901010101010101
0.9981264637002342
0.969488188976378
0.8820895522388059
0.9974772956609486
0.8091966173361522
0.9182839632277835
0.9911242603550295
0.8318135764944276
0.879044300647088
0.9883838383838384
0.9484777517564403
0.5442913385826772
0.9975124378109452
0.9974772956609486
0.9984143763213531
0.9923391215526047
0.8683431952662722
0.9969604863221885
0.9995022399203584
0.9797979797979798
0.994847775175644
0.8646653543307087
0.9119402985074627
0.9934409687184662
0.9608879492600423
0.9897854954034729
0.9866863905325444
0.8642350557244174
0.9636635141861623
0.996969696969697
0.9250585480093677
0.5792322834645669
0.8845771144278607
0.9989909182643795
0.9725158562367865
0.998467824310521
0.9930966469428008
0.9868287740628167
0.9910403185664509
