0.9673652694610778
0.9624750499001996
0.9549900199600798
0.9611776447105789
0.9639720558882235
0.963373253493014
0.969560878243513
0.9587824351297405
0.9641716566866267
0.9524950099800399
0.958134820070958
0.9638114546376078
0.9637100861632032
0.9645210339584389
0.9558033451596554
0.969386720729853
0.9636087176887987
0.9668525088697415
0.9653319817536746
0.9544855549923974
0.9677969502407705
0.9695024077046549
0.9629815409309791
0.971408507223114
0.9586677367576244
0.9697030497592295
0.9634831460674157
0.9654895666131621
0.9623796147672552
0.9590690208667737
0.9572572572572573
0.9680680680680681
0.9661661661661661
0.9658658658658659
0.9677677677677677
0.957057057057057
0.9622622622622623
0.968968968968969
0.9674674674674675
0.965965965965966
0.9603713316031144
0.9665601916550209
0.9648632461569175
0.9594729486923538
0.9727490517069275
0.9679576761828709
0.9657616290676782
0.9643641445398283
0.9709522858854063
0.9682571371531243
0.970815195884448
0.9669568658488326
0.9690344281757024
0.9577562326869806
0.9688365650969529
0.9673525920063316
0.9673525920063316
0.9744756628413138
0.9624060150375939
0.9650771666007123
0.9660426209918342
0.9661422027484565
0.9604660426209919
0.9610635331607249
0.9533957379008166
0.9636526588329019
0.9640509858593905
0.966938856801434
0.9670384385580562
0.9675363473411671
0.973826714801444
0.9645006016847172
0.9584837545126353
0.9712194143602085
0.9681107099879663
0.9721219414360208
0.965002005615724
0.9667067789811472
0.965002005615724
0.9691135178499799
0.9718731298623579
0.971673648513864
0.9568122880510672
0.9721723518850988
0.9689806503091961
0.9718731298623579
0.9735687213245562
0.9685816876122083
0.9719728705366049
0.9656892080590465
0.971073966569913
0.9733760384345911
0.9699729756781102
0.9703733360024022
0.9727754979481533
0.9685717145430888
0.9762786507857072
0.9734761285156641
0.9719747772995696
0.9732759483535182
