0.9578842315369261
0.9557884231536926
0.9537924151696606
0.9481037924151696
0.954191616766467
0.9522954091816367
0.9454091816367265
0.957185628742515
0.9552894211576847
0.9595808383233533
0.9598580841358337
0.9507349214394324
0.9549923973644197
0.9479979726305119
0.9506335529650278
0.9497212366953878
0.9531677648251394
0.9483020780537252
0.9429295489102889
0.955296502787633
0.9567616372391653
0.9580658105939005
0.9556581059390048
0.9606741573033708
0.9416131621187801
0.9559590690208668
0.9592696629213483
0.949438202247191
0.9457263242375602
0.9538523274478331
0.9517517517517518
0.9551551551551551
0.9538538538538539
0.9584584584584585
0.954954954954955
0.9552552552552552
0.9533533533533534
0.9580580580580581
0.9614614614614615
0.953953953953954
0.9578758235176682
0.9564783389898184
0.9615691754841286
0.9607706128967858
0.9581752844879218
0.9661609103613495
0.9581752844879218
0.9549810341385506
0.9575763625474146
0.9535835496107007
0.962801741195093
0.9527107241788683
0.9321329639889196
0.9604273842500989
0.9591412742382271
0.9640878512069648
0.9610209734863474
0.9565690542144836
0.9576573011476058
0.9603284527107242
0.9514041027683728
0.9484166500697072
0.9625572595100578
0.9494124676359291
0.9525990838478391
0.9495120493925513
0.9505078669587732
0.94672376020713
0.9595698068113921
0.9514041027683728
0.9607902125952668
0.9606899318090654
0.9624949859606899
0.9567789811472122
0.9491576413959085
0.9617930204572804
0.9556758924989972
0.9601885278780585
0.9557761732851986
0.9601885278780585
0.9622980251346499
0.9594055455814882
0.9613006183921803
0.9434470377019749
0.959804508278476
0.9610013963694395
0.9606024336724516
0.9561141033313385
0.9630959505286256
0.9648912826650708
0.9570613552196977
0.964868381543389
0.9622660394354919
0.9628665799219297
0.9645681113001702
0.9534581123010709
0.9623661295165649
0.9604644179761785
0.9610649584626163
0.9629666700030027
