0.8787425149700598
0.963872255489022
0.9286427145708582
0.8765469061876248
0.9347305389221557
0.8998003992015968
0.9096806387225549
0.8764471057884231
0.9221556886227545
0.8713572854291417
0.8734921439432336
0.9493157627977699
0.8763304612265586
0.8709579320831221
0.8745058286872782
0.8938672072985302
0.8794728839330969
0.8747085656360872
0.91454637607704
0.8695387734414597
0.8791131621187801
0.954153290529695
0.8814205457463884
0.877207062600321
0.8796147672552167
0.9389044943820225
0.8848314606741573
0.9604735152487961
0.9401083467094703
0.9343900481540931
0.8804804804804804
0.9541541541541542
0.8821821821821821
0.8786786786786787
0.8802802802802803
0.9038038038038038
0.8851851851851852
0.8803803803803804
0.9243243243243243
0.8827827827827828
0.8782192054302256
0.9528848073467758
0.8811139948093432
0.8758235176681972
0.8793172289878219
0.8996805749650629
0.8841086045118787
0.8796166899580755
0.9187462567378718
0.8744260331403474
0.8953304313415117
0.9535021764938663
0.8836565096952909
0.8790067273446774
0.8811832212109221
0.9007716660071231
0.8877127028096558
0.8808864265927978
0.9202611792639493
0.8759398496240601
0.8771161123282215
0.9511053574985062
0.8873730332603067
0.8746265684126668
0.8793069109739096
0.897132045409281
0.8835889265086636
0.8785102569209321
0.9177454690300737
0.8728340967934675
0.8785599679101485
0.9532691536301645
0.8810669875651825
0.8760529482551144
0.8793622141997594
0.8981147212194144
0.8842759727236261
0.879562775772162
0.9197753710389089
0.8744484556758925
0.8834031518053062
0.9563135846798324
0.8835028924795532
0.8838021145022941
0.8821065230400957
0.9006582884500299
0.8876920007979254
0.8820067823658488
0.9229004588071016
0.87672052663076
0.8807927134420979
0.9554599139225303
0.8837954158742869
0.8784906415774196
0.8821939745771195
0.9006105494945451
0.8878991091982784
0.8818937043339005
0.9222300070063056
0.8767891101991793
