0.9990543735224586
0.9935387673956262
0.9979899497487437
0.9959225280326198
0.9882478632478633
0.9896800825593395
0.9955179282868526
0.9923234390992836
0.9924585218702866
0.9940009229349331
0.9958041958041958
0.9990552668871044
0.9965466206216083
0.9952221691352127
0.989828941285252
0.9924134660976767
0.9948694029850746
0.9755142017629774
0.9846077457795432
0.9854469854469855
0.9904522613065326
0.9737864077669903
0.9905284147557328
0.9916707496325331
0.9944779116465864
0.9768664563617245
0.9954268292682927
0.9862610402355251
0.9753024193548387
0.9861317483902923
0.9903948772678762
0.993298969072165
0.9860696517412936
0.9918200408997955
0.9773982923154194
0.981081081081081
0.9932291666666667
0.9764201500535906
0.9873750657548659
0.9974823766364552
0.9912008281573499
0.9974580579562786
0.9855144855144855
0.9842906234658811
0.9793242561775088
