0.9995271867612293
0.9910536779324056
0.9959798994974874
0.9964322120285423
0.9935897435897436
0.9865841073271414
0.9920318725099602
0.9938587512794268
0.975867269984917
0.9972311952007383
0.9976689976689976
0.9990552668871044
0.9995066600888012
0.9956999522216914
0.994914470642626
0.9952584163110479
0.9981343283582089
0.990205680705191
0.9940417080436942
0.9994802494802495
0.9949748743718593
0.9888349514563107
0.9885343968095713
0.9955903968642822
0.9994979919678715
0.9863301787592008
0.9979674796747967
0.992639842983317
0.9884072580645161
0.991579990094106
0.9983991462113126
0.9917525773195877
0.9950248756218906
0.995398773006135
0.9819186338523355
0.9902702702702703
0.9958333333333333
0.9914255091103966
0.9905312993161494
0.9969788519637462
0.9917184265010351
0.9949161159125572
0.996003996003996
0.9857633775159549
0.9924357034795764
